4294967279,107
4294967279,106
4294967279,105
4294967279,104
4294967279,103
4294967279,102
4294967279,101
4294967279,100
4294967279,99
4294967278,22
4294967278,21
4294967278,20
4294967278,19
4294967278,18
4294967278,17
4294967278,16
4294967278,15
4294967278,14
4294967278,13
4294967278,12
4294967278,11
4294967278,10
4294967278,9
4294967278,8
4294967278,7
4294967278,6
4294967278,5
4294967278,4
4294967279,132
4294967279,131
4294967279,130
4294967279,129
4294967279,128
4294967279,127
4294967279,126
4294967279,125
4294967279,124
4294967279,123
4294967279,122
4294967279,121
4294967279,120
4294967279,119
4294967279,118
4294967279,117
4294967279,116
4294967279,115
4294967279,114
4294967279,113
4294967279,112
4294967279,111
4294967279,110
4294967279,109
4294967279,108
4294967278,357
4294967279,543
4294967294,10
4294967278,356
4294967279,542
4294967278,355
4294967294,392
4294967279,541
4294967278,354
4294967278,353
4294967279,540
4294967279,539
4294967279,538
4294967278,352
4294967294,409
4294967294,386
4294967294,178
4294967294,921
4294967294,419
4294967294,913
4294967294,398
4294967294,116
4294967294,164
4294967294,455
4294967294,191
4294967294,119
4294967294,184
4294967294,391
4294967279,537
4294967278,351
4294967279,536
4294967279,535
4294967278,350
4294967278,349
4294967278,348
4294967278,197
4294967278,196
4294967278,195
4294967279,534
4294967278,347
4294967279,533
4294967278,346
4294967279,532
4294967294,115
4294967279,531
4294967278,345
4294967278,183
4294967278,181
4294967279,530
4294967278,177
4294967278,130
4294967278,126
4294967278,125
4294967278,122
4294967278,121
4294967278,118
4294967278,117
4294967278,115
4294967278,110
4294967278,108
4294967278,107
4294967278,106
4294967278,105
4294967278,103
4294967278,100
4294967278,98
4294967278,97
4294967278,96
4294967278,95
4294967278,94
4294967278,93
4294967278,92
4294967278,91
4294967278,89
4294967278,87
4294967278,86
4294967278,85
4294967278,80
4294967278,78
4294967278,77
4294967278,76
4294967278,75
4294967278,73
4294967278,72
4294967278,71
4294967278,69
4294967278,67
4294967278,66
4294967278,64
4294967278,63
4294967278,62
4294967278,49
4294967278,48
4294967278,47
4294967278,46
4294967278,45
4294967278,44
4294967278,37
4294967278,36
4294967278,35
4294967278,34
4294967278,33
4294967278,32
4294967278,31
4294967278,30
4294967278,29
4294967278,28
4294967278,27
4294967278,26
4294967278,137
4294967278,25
4294967278,24
4294967278,23
4294967279,138
4294967279,271
4294967279,134
4294967279,22
4294967279,21
4294967279,20
4294967279,19
4294967279,18
4294967279,17
4294967279,16
4294967279,14
4294967279,13
4294967279,12
4294967279,11
4294967279,10
4294967279,9
4294967278,172
4294967278,50
4294967279,529
4294967278,344
4294967278,55
4294967278,165
4294967278,162
4294967278,164
4294967278,163
4294967278,161
4294967278,160
4294967279,528
4294967278,159
4294967278,158
4294967278,157
4294967279,527
4294967278,156
4294967279,526
4294967278,38
4294967278,343
4294967278,342
4294967278,42
4294967278,41
4294967294,40
4294967294,38
4294967294,37
4294967278,40
4294967294,29
4294967294,393
4294967294,44
4294967278,341
4294967278,39
4294967279,525
4294967294,42
4294967294,43
4294967294,964
4294967294,960
4294967294,918
4294967294,914
4294967294,899
4294967294,421
4294967294,402
4294967294,388
4294967294,182
4294967294,173
4294967294,163
4294967294,387
4294967294,51
4294967294,162
4294967294,161
4294967294,52
4294967278,340
4294967294,76
4294967294,82
4294967294,107
4294967294,390
4294967294,114
4294967294,120
4294967294,474
4294967294,90
4294967294,87
4294967294,86
4294967294,84
4294967278,339
4294967279,524
4294967278,338
4294967294,99
4294967278,337
4294967294,91
4294967279,523
4294967278,336
4294967278,335
4294967279,522
4294967278,334
4294967279,272
4294967279,23
4294967279,521
4294967279,270
4294967279,268
4294967279,520
4294967279,15
4294967279,264
4294967278,333
4294967279,8
4294967279,262
4294967279,261
4294967279,259
4294967279,278
4294967278,332
4294967294,418
4294967294,397
4294967294,400
4294967294,923
4294967294,950
4294967294,420
4294967294,179
4294967294,183
4294967294,900
4294967294,167
4294967294,384
4294967294,466
4294967294,973
4294967279,258
4294967294,967
4294967294,970
4294967279,519
4294967279,7
4294967278,331
4294967278,260
4294967279,6
4294967279,5
4294967279,518
4294967279,4
4294967294,951
4294967294,470
4294967278,258
4294967278,330
4294967278,132
4294967279,517
4294967279,516
4294967278,329
4294967278,131
4294967279,515
4294967279,514
4294967278,328
4294967278,129
4294967279,513
4294967279,512
4294967278,327
4294967278,128
4294967279,319
4294967279,318
4294967278,326
4294967278,127
4294967279,317
4294967278,255
4294967279,316
4294967279,260
4294967278,325
4294967278,124
4294967278,324
4294967278,123
4294967294,187
4294967278,254
4294967278,120
4294967278,253
4294967278,250
4294967278,249
4294967278,248
4294967278,119
4294967278,247
4294967278,244
4294967294,165
4294967294,166
4294967278,116
4294967278,241
4294967278,238
4294967279,315
4294967278,323
4294967278,114
4294967278,322
4294967278,113
4294967294,1416
4294967278,104
4294967279,314
